14
0 0 0 0 255 255 255 338 59 436 225 0 1
0 0 0 0 255 255 255 566 147 367 253 0 1
0 0 0 0 255 255 255 403 135 204 139 0 1
0 0 0 0 255 255 255 195 150 297 308 0 1
0 0 0 0 255 255 255 434 400 500 440 0 1
0 0 0 0 255 255 255 649 435 681 399 0 1
0 0 0 0 255 255 255 722 249 719 203 0 1
0 0 0 0 255 255 255 670 142 564 105 0 1
0 0 0 0 255 255 255 487 90 372 82 0 1
0 0 0 0 255 255 255 266 116 182 173 0 1
0 0 0 0 255 255 255 153 273 372 673 0 1
0 0 0 0 255 255 255 686 682 752 634 0 1
0 0 0 0 255 255 255 775 543 776 471 0 1
0 0 0 0 255 255 255 736 357 653 267 0 1
